M=[[0, 4644, 3046, 3158, 512, 3669, 4051, 2897, 2475, 1488, 700, 3680, 2793, 1940, 3681, 1483, 3407, 419, 872, 2420, 4422, 3507, 2688, 394, 3054, 2602, 3123, 3832, 1857, 271, 1686, 4075, 300, 3386, 3564, 3403, 3786, 1634, 1852, 3402, 3369, 2538, 5076, 2113, 1961, 1746, 571, 1596, 3321, 1884, 1179, 3588, 2229, 3025, 2220, 4292, 3834, 3653, 3295, 3650, 1958, 2701, 2978, 3028, 1165, 3474, 3749, 3537, 3633, 1359, 3347, 2526, 3267, 517, 3441, 1671, 1808, 2290, 1104, 2776, 3645, 2678, 2040, 3583, 3159, 3259, 3146, 2111, 3453, 2227, 2403, 3190, 1969, 2332],
[4644, 0, 5230, 6920, 4996, 6764, 615, 3148, 3278, 3318, 4011, 6531, 5936, 5633, 7306, 3797, 7027, 5028, 4202, 5710, 6599, 6353, 5924, 4725, 3076, 5627, 5918, 7298, 3742, 4393, 5475, 2829, 4688, 6484, 1489, 7286, 7316, 3018, 3367, 6220, 4897, 4664, 609, 2916, 5373, 3563, 4876, 4166, 2287, 2867, 5243, 6524, 6109, 6294, 5508, 1683, 6149, 7048, 6270, 5891, 4425, 6159, 6188, 6440, 3704, 2701, 6411, 1108, 7220, 4678, 1447, 5293, 6431, 4671, 6362, 5310, 2871, 5840, 4088, 6093, 6023, 1968, 2618, 7359, 3703, 6772, 5789, 4409, 6592, 4932, 2344, 5957, 5494, 3012],
[3046, 5230, 0, 2075, 2707, 1568, 4676, 5358, 4997, 3787, 3346, 1305, 1002, 1552, 2264, 4214, 2041, 2921, 3768, 1096, 1561, 1136, 1080, 2664, 5477, 818, 753, 2173, 4587, 2943, 1693, 6301, 3345, 1328, 5046, 2441, 2219, 3444, 4359, 1010, 592, 660, 5301, 4327, 1288, 2088, 2538, 1666, 5321, 3863, 2091, 1312, 1814, 1287, 1109, 5920, 991, 1926, 1103, 735, 1213, 1374, 1181, 1481, 3737, 5700, 1183, 4423, 2171, 1688, 4674, 607, 1316, 2530, 1162, 1570, 3141, 1387, 3960, 1219, 826, 3817, 3668, 2407, 5836, 1777, 593, 1106, 1434, 818, 4102, 771, 1380, 4682],
[3158, 6920, 2075, 0, 2648, 966, 6317, 6034, 5616, 4502, 3783, 1242, 1092, 1353, 525, 4638, 290, 2797, 4029, 1219, 2143, 1233, 1054, 2812, 6186, 1368, 1359, 720, 5014, 3242, 1576, 7181, 3380, 925, 6330, 379, 650, 4395, 4971, 1270, 2654, 2387, 7117, 5142, 1560, 3376, 2612, 2772, 6326, 4779, 2013, 1132, 941, 793, 1412, 7171, 1844, 642, 1091, 1908, 2498, 778, 895, 595, 4266, 6566, 1464, 5940, 492, 2325, 6010, 1714, 854, 2759, 1143, 1693, 4282, 1086, 4262, 887, 1762, 5161, 4751, 454, 6316, 373, 1531, 2529, 874, 2015, 5199, 1372, 1451, 5423],
[512, 4996, 2707, 2648, 0, 3189, 4390, 3408, 2986, 1962, 1185, 3220, 2339, 1463, 3171, 1996, 2900, 215, 1382, 1969, 4000, 3054, 2229, 272, 3564, 2176, 2694, 3327, 2368, 658, 1212, 4582, 746, 2913, 4002, 2891, 3278, 2032, 2358, 2956, 3096, 2273, 5389, 2599, 1529, 1796, 198, 1472, 3808, 2329, 701, 3123, 1723, 2548, 1785, 4759, 3423, 3153, 2837, 3257, 1740, 2217, 2508, 2539, 1663, 3978, 3305, 3895, 3125, 1075, 3760, 2147, 2792, 361, 2983, 1227, 2125, 1813, 1614, 2303, 3236, 3033, 2438, 3071, 3668, 2759, 2734, 1895, 2975, 1899, 2832, 2760, 1517, 2833],
[3669, 6764, 1568, 966, 3189, 0, 6192, 6416, 6013, 4829, 4199, 331, 936, 1730, 820, 5091, 739, 3375, 4525, 1289, 1179, 440, 1013, 3285, 6557, 1223, 846, 644, 5477, 3685, 1983, 7490, 3933, 306, 6422, 1185, 717, 4612, 5356, 559, 2054, 2101, 6863, 5443, 1759, 3389, 3098, 2829, 6562, 5024, 2492, 266, 1538, 645, 1514, 7292, 965, 438, 496, 1112, 2440, 972, 706, 666, 4664, 6872, 558, 5891, 737, 2539, 6069, 1508, 408, 3195, 407, 2015, 4405, 1379, 4750, 898, 949, 5201, 4916, 1041, 6785, 608, 982, 2409, 218, 1904, 5368, 809, 1716, 5763],
[4051, 615, 4676, 6317, 4390, 6192, 0, 2830, 2890, 2770, 3434, 5970, 5347, 5022, 6712, 3291, 6432, 4429, 3652, 5112, 6089, 5788, 5331, 4119, 2787, 5038, 5347, 6712, 3280, 3796, 4862, 2758, 4108, 5907, 1211, 6681, 6727, 2435, 2884, 5654, 4377, 4091, 1052, 2432, 4766, 2953, 4267, 3557, 2027, 2321, 4628, 5957, 5498, 5706, 4907, 1724, 5616, 6463, 5696, 5355, 3827, 5560, 5601, 5847, 3154, 2496, 5859, 539, 6628, 4065, 1024, 4709, 5850, 4062, 5793, 4698, 2265, 5235, 3554, 5500, 5481, 1375, 2043, 6759, 3431, 6178, 5224, 3818, 6015, 4341, 1817, 5388, 4886, 2582],
[2897, 3148, 5358, 6034, 3408, 6416, 2830, 0, 422, 1594, 2252, 6350, 5486, 4738, 6550, 1422, 6268, 3294, 2049, 5127, 6909, 6161, 5403, 3223, 162, 5227, 5719, 6678, 1086, 2792, 4490, 1200, 2726, 6114, 1660, 6296, 6642, 1924, 1066, 6036, 5406, 4707, 3753, 1038, 4658, 3299, 3424, 3703, 878, 1514, 4022, 6280, 5094, 5780, 4902, 1854, 6317, 6477, 5975, 6080, 4152, 5489, 5711, 5825, 1770, 671, 6358, 2384, 6495, 3882, 1815, 5027, 6008, 3277, 6115, 4419, 2289, 5074, 1822, 5526, 6132, 2087, 1799, 6470, 636, 6093, 5683, 4252, 6199, 4638, 1486, 5782, 4712, 676],
[2475, 3278, 4997, 5616, 2986, 6013, 2890, 422, 0, 1212, 1836, 5956, 5086, 4326, 6133, 1001, 5852, 2872, 1628, 4725, 6539, 5768, 5001, 2804, 581, 4833, 5331, 6264, 677, 2374, 4077, 1617, 2304, 5713, 1799, 5875, 6227, 1597, 658, 5645, 5075, 4352, 3871, 741, 4255, 2964, 3005, 3334, 1119, 1211, 3605, 5883, 4677, 5375, 4501, 2155, 5944, 6066, 5579, 5712, 3786, 5080, 5308, 5416, 1356, 1055, 5971, 2400, 6079, 3485, 1868, 4644, 5605, 2861, 5720, 4011, 1993, 4664, 1402, 5121, 5758, 1953, 1543, 6050, 859, 5680, 5301, 3892, 5796, 4260, 1318, 5395, 4305, 388],
[1488, 3318, 3787, 4502, 1962, 4829, 2770, 1594, 1212, 0, 787, 4757, 3896, 3175, 5007, 649, 4720, 1906, 885, 3540, 5327, 4567, 3816, 1732, 1730, 3634, 4126, 5118, 900, 1306, 2934, 2683, 1433, 4526, 2097, 4790, 5089, 521, 577, 4442, 3888, 3146, 3823, 643, 3074, 1786, 1930, 2123, 1848, 451, 2495, 4687, 3562, 4197, 3314, 2805, 4733, 4909, 4383, 4500, 2575, 3915, 4124, 4251, 387, 2065, 4765, 2232, 4946, 2291, 1925, 3435, 4421, 1756, 4522, 2848, 955, 3503, 793, 3944, 4546, 1444, 768, 4947, 2051, 4531, 4092, 2684, 4612, 3049, 979, 4189, 3135, 935],
[700, 4011, 3346, 3783, 1185, 4199, 3434, 2252, 1836, 787, 0, 4166, 3284, 2494, 4298, 896, 4016, 1119, 461, 2915, 4826, 3983, 3191, 975, 2404, 3051, 3564, 4429, 1282, 542, 2244, 3408, 677, 3903, 2872, 4052, 4391, 1000, 1188, 3866, 3561, 2755, 4476, 1416, 2444, 1614, 1176, 1720, 2624, 1194, 1770, 4085, 2842, 3556, 2697, 3592, 4229, 4233, 3783, 4018, 2157, 3252, 3494, 3587, 484, 2799, 4204, 2906, 4243, 1711, 2671, 2906, 3791, 1025, 3927, 2185, 1276, 2835, 617, 3302, 4039, 2061, 1394, 4220, 2587, 3846, 3557, 2293, 3981, 2551, 1722, 3630, 2483, 1652],
[3680, 6531, 1305, 1242, 3220, 331, 5970, 6350, 5956, 4757, 4166, 0, 888, 1761, 1150, 5062, 1047, 3416, 4518, 1261, 924, 193, 992, 3289, 6486, 1123, 652, 972, 5447, 3670, 2008, 7392, 3956, 358, 6260, 1497, 1047, 4506, 5299, 327, 1753, 1886, 6606, 5356, 1727, 3235, 3110, 2700, 6445, 4922, 2519, 117, 1658, 708, 1470, 7134, 636, 768, 385, 786, 2286, 1049, 720, 813, 4619, 6776, 230, 5692, 1065, 2472, 5899, 1354, 477, 3187, 240, 2009, 4270, 1417, 4738, 927, 623, 5032, 4789, 1366, 6749, 870, 748, 2237, 372, 1755, 5238, 598, 1710, 5688],
[2793, 5936, 1002, 1092, 2339, 936, 5347, 5486, 5086, 3896, 3284, 888, 0, 894, 1378, 4179, 1114, 2539, 3631, 373, 1689, 715, 123, 2402, 5625, 310, 423, 1366, 4565, 2783, 1133, 6554, 3071, 631, 5507, 1468, 1381, 3676, 4428, 620, 1592, 1313, 6088, 4507, 841, 2478, 2224, 1903, 5627, 4088, 1640, 802, 927, 358, 586, 6372, 1157, 1119, 503, 1079, 1538, 378, 255, 520, 3742, 5936, 968, 5015, 1289, 1605, 5160, 648, 535, 2300, 648, 1122, 3478, 572, 3852, 216, 993, 4294, 3985, 1471, 5870, 848, 554, 1531, 724, 1009, 4437, 478, 824, 4830],
[1940, 5633, 1552, 1353, 1463, 1730, 5022, 4738, 4326, 3175, 2494, 1761, 894, 0, 1838, 3377, 1549, 1656, 2799, 543, 2580, 1601, 776, 1558, 4885, 807, 1286, 1943, 3762, 1967, 254, 5858, 2205, 1450, 4978, 1687, 1914, 3043, 3671, 1513, 2095, 1455, 5882, 3810, 327, 2070, 1369, 1467, 4982, 3432, 764, 1662, 478, 1086, 443, 5818, 2032, 1740, 1381, 1911, 1297, 763, 1046, 1095, 2970, 5240, 1861, 4618, 1774, 977, 4663, 949, 1330, 1475, 1525, 340, 2932, 350, 3026, 840, 1855, 3820, 3398, 1807, 5072, 1356, 1365, 1381, 1514, 978, 3845, 1348, 193, 4106],
[3681, 7306, 2264, 525, 3171, 820, 6712, 6550, 6133, 5007, 4298, 1150, 1378, 1838, 0, 5159, 291, 3322, 4552, 1606, 1937, 1223, 1383, 3331, 6701, 1684, 1510, 261, 5536, 3759, 2073, 7689, 3905, 952, 6792, 460, 162, 4879, 5485, 1310, 2803, 2686, 7466, 5644, 2005, 3800, 3131, 3202, 6820, 5270, 2528, 1068, 1456, 1023, 1822, 7642, 1785, 382, 1171, 1919, 2887, 1162, 1132, 866, 4780, 7072, 1378, 6360, 93, 2792, 6462, 2025, 947, 3273, 1157, 2175, 4744, 1537, 4784, 1213, 1758, 5604, 5225, 249, 6839, 535, 1676, 2897, 856, 2374, 5676, 1499, 1911, 5932],
[1483, 3797, 4214, 4638, 1996, 5091, 3291, 1422, 1001, 649, 896, 5062, 4179, 3377, 5159, 0, 4882, 1873, 627, 3810, 5714, 4878, 4086, 1830, 1582, 3946, 4459, 5301, 386, 1411, 3125, 2616, 1304, 4796, 2442, 4886, 5259, 1169, 463, 4762, 4385, 3602, 4338, 889, 3339, 2328, 2029, 2560, 1976, 1020, 2637, 4980, 3703, 4447, 3593, 3010, 5116, 5112, 4679, 4900, 3009, 4138, 4387, 4472, 484, 2035, 5099, 2754, 5108, 2604, 2357, 3795, 4683, 1902, 4823, 3076, 1599, 3722, 403, 4193, 4926, 2034, 1387, 5066, 1695, 4722, 4448, 3136, 4873, 3432, 1476, 4524, 3375, 943],
[3407, 7027, 2041, 290, 2900, 739, 6432, 6268, 5852, 4720, 4016, 1047, 1114, 1549, 291, 4882, 0, 3057, 4280, 1321, 1913, 1076, 1108, 3053, 6419, 1415, 1295, 436, 5261, 3479, 1786, 7403, 3638, 778, 6501, 452, 378, 4588, 5203, 1140, 2599, 2426, 7197, 5357, 1714, 3513, 2853, 2914, 6530, 4980, 2247, 946, 1179, 768, 1534, 7351, 1673, 363, 979, 1772, 2605, 875, 878, 595, 4498, 6786, 1275, 6074, 227, 2501, 6172, 1760, 741, 2991, 996, 1884, 4453, 1246, 4511, 937, 1616, 5315, 4934, 366, 6566, 267, 1465, 2619, 701, 2097, 5384, 1293, 1620, 5647],
[419, 5028, 2921, 2797, 215, 3375, 4429, 3294, 2872, 1906, 1119, 3416, 2539, 1656, 3322, 1873, 3057, 0, 1249, 2170, 4206, 3252, 2427, 380, 3453, 2383, 2900, 3487, 2236, 639, 1408, 4480, 584, 3103, 3978, 3023, 3435, 2032, 2260, 3157, 3308, 2484, 5442, 2532, 1737, 1939, 399, 1657, 3738, 2298, 899, 3317, 1886, 2737, 1991, 4711, 3632, 3322, 3034, 3469, 1944, 2402, 2701, 2719, 1581, 3883, 3506, 3922, 3280, 1284, 3754, 2360, 2982, 511, 3180, 1434, 2169, 2003, 1481, 2495, 3445, 3061, 2440, 3211, 3524, 2927, 2944, 2099, 3162, 2113, 2814, 2966, 1719, 2744],
[872, 4202, 3768, 4029, 1382, 4525, 3652, 2049, 1628, 885, 461, 4518, 3631, 2799, 4552, 627, 4280, 1249, 0, 3258, 5218, 4340, 3531, 1241, 2209, 3418, 3937, 4703, 988, 850, 2545, 3242, 676, 4237, 2945, 4269, 4658, 1279, 1047, 4229, 4007, 3193, 4704, 1400, 2791, 2074, 1434, 2166, 2566, 1336, 2045, 4431, 3101, 3880, 3049, 3583, 4623, 4522, 4133, 4421, 2594, 3562, 3827, 3892, 499, 2657, 4572, 3115, 4505, 2103, 2801, 3300, 4120, 1332, 4278, 2513, 1633, 3148, 232, 3628, 4433, 2308, 1625, 4452, 2287, 4130, 3943, 2734, 4308, 2961, 1861, 4003, 2814, 1540],
[2420, 5710, 1096, 1219, 1969, 1289, 5112, 5127, 4725, 3540, 2915, 1261, 373, 543, 1606, 3810, 1321, 2170, 3258, 0, 2043, 1087, 277, 2028, 5268, 286, 743, 1642, 4196, 2411, 769, 6208, 2698, 989, 5206, 1595, 1639, 3341, 4067, 987, 1676, 1202, 5898, 4158, 471, 2196, 1851, 1603, 5293, 3748, 1271, 1173, 719, 660, 228, 6065, 1489, 1407, 876, 1371, 1286, 448, 584, 752, 3377, 5589, 1336, 4754, 1525, 1253, 4867, 555, 881, 1927, 1021, 749, 3164, 291, 3480, 413, 1312, 4006, 3662, 1649, 5502, 1075, 825, 1310, 1072, 797, 4115, 807, 452, 4475],
[4422, 6599, 1561, 2143, 4000, 1179, 6089, 6909, 6539, 5327, 4826, 924, 1689, 2580, 1937, 5714, 1913, 4206, 5218, 2043, 0, 1018, 1809, 4028, 7031, 1825, 1306, 1701, 6094, 4371, 2812, 7861, 4712, 1280, 6574, 2349, 1797, 5002, 5893, 1077, 1714, 2221, 6571, 5882, 2471, 3649, 3866, 3206, 6880, 5422, 3310, 1041, 2553, 1608, 2215, 7444, 598, 1577, 1238, 830, 2756, 1937, 1594, 1734, 5247, 7260, 744, 5898, 1869, 3118, 6196, 1921, 1394, 3911, 1110, 2773, 4702, 2258, 5426, 1793, 787, 5350, 5228, 2180, 7368, 1778, 1277, 2661, 1291, 2285, 5661, 1241, 2490, 6234],
[3507, 6353, 1136, 1233, 3054, 440, 5788, 6161, 5768, 4567, 3983, 193, 715, 1601, 1223, 4878, 1076, 3252, 4340, 1087, 1018, 0, 826, 3115, 6296, 935, 459, 1077, 5264, 3490, 1845, 7199, 3786, 307, 6069, 1525, 1141, 4313, 5111, 135, 1614, 1701, 6437, 5164, 1549, 3042, 2939, 2507, 6252, 4730, 2354, 177, 1536, 591, 1291, 6942, 612, 849, 223, 699, 2093, 920, 578, 732, 4433, 6584, 274, 5505, 1133, 2284, 5708, 1161, 396, 3011, 95, 1836, 4077, 1263, 4559, 782, 541, 4841, 4596, 1419, 6564, 863, 564, 2045, 375, 1562, 5045, 407, 1539, 5497],
[2688, 5924, 1080, 1054, 2229, 1013, 5331, 5403, 5001, 3816, 3191, 992, 123, 776, 1383, 4086, 1108, 2427, 3531, 277, 1809, 826, 0, 2298, 5544, 314, 545, 1394, 4472, 2685, 1019, 6481, 2963, 712, 5460, 1433, 1400, 3610, 4343, 737, 1672, 1333, 6090, 4432, 748, 2439, 2118, 1854, 5562, 4019, 1529, 900, 808, 392, 502, 6323, 1281, 1153, 608, 1200, 1509, 296, 308, 516, 3653, 5863, 1085, 4987, 1297, 1527, 5118, 661, 605, 2200, 754, 1018, 3424, 450, 3753, 171, 1116, 4253, 3927, 1455, 5778, 848, 669, 1514, 796, 991, 4379, 600, 719, 4751],
[394, 4725, 2664, 2812, 272, 3285, 4119, 3223, 2804, 1732, 975, 3289, 2402, 1558, 3331, 1830, 3053, 380, 1241, 2028, 4028, 3115, 2298, 0, 3376, 2208, 2730, 3471, 2211, 433, 1304, 4382, 687, 2999, 3747, 3077, 3429, 1771, 2162, 3009, 3009, 2178, 5117, 2374, 1568, 1558, 201, 1294, 3581, 2082, 807, 3199, 1875, 2641, 1827, 4516, 3441, 3284, 2904, 3258, 1615, 2321, 2590, 2651, 1459, 3773, 3356, 3625, 3279, 984, 3498, 2135, 2882, 144, 3050, 1280, 1854, 1907, 1469, 2390, 3251, 2764, 2175, 3247, 3520, 2893, 2752, 1769, 3068, 1846, 2576, 2796, 1579, 2626],
[3054, 3076, 5477, 6186, 3564, 6557, 2787, 162, 581, 1730, 2404, 6486, 5625, 4885, 6701, 1582, 6419, 3453, 2209, 5268, 7031, 6296, 5544, 3376, 0, 5363, 5852, 6827, 1248, 2945, 4639, 1039, 2886, 6255, 1598, 6451, 6792, 2036, 1216, 6170, 5511, 4824, 3683, 1150, 4800, 3409, 3577, 3828, 790, 1621, 4174, 6417, 5246, 5923, 5043, 1726, 6441, 6624, 6113, 6202, 4275, 5634, 5852, 5970, 1921, 520, 6490, 2361, 6645, 4020, 1784, 5158, 6149, 3428, 6251, 4565, 2386, 5219, 1983, 5669, 6257, 2125, 1884, 6623, 645, 6241, 5813, 4372, 6340, 4767, 1545, 5915, 4856, 800],
[2602, 5627, 818, 1368, 2176, 1223, 5038, 5227, 4833, 3634, 3051, 1123, 310, 807, 1684, 3946, 1415, 2383, 3418, 286, 1825, 935, 314, 2208, 5363, 0, 522, 1676, 4332, 2567, 1008, 6278, 2889, 918, 5205, 1747, 1690, 3395, 4176, 816, 1404, 1019, 5783, 4236, 647, 2174, 2042, 1606, 5342, 3809, 1490, 1055, 999, 668, 394, 6073, 1250, 1428, 751, 1108, 1230, 601, 564, 820, 3498, 5661, 1155, 4706, 1596, 1349, 4856, 347, 834, 2096, 888, 950, 3183, 576, 3633, 484, 1066, 3989, 3694, 1766, 5630, 1152, 566, 1221, 1017, 699, 4146, 588, 678, 4566],
[3123, 5918, 753, 1359, 2694, 846, 5347, 5719, 5331, 4126, 3564, 652, 423, 1286, 1510, 4459, 1295, 2900, 3937, 743, 1306, 459, 545, 2730, 5852, 522, 0, 1424, 4843, 3087, 1509, 6746, 3410, 580, 5610, 1710, 1467, 3860, 4676, 326, 1305, 1256, 6022, 4717, 1166, 2583, 2563, 2051, 5795, 4278, 2004, 616, 1349, 569, 909, 6483, 746, 1176, 357, 656, 1634, 771, 479, 767, 4005, 6132, 641, 5054, 1418, 1856, 5250, 703, 563, 2617, 447, 1467, 3619, 986, 4151, 601, 573, 4383, 4139, 1660, 6137, 1036, 172, 1586, 687, 1105, 4587, 66, 1184, 5053],
[3832, 7298, 2173, 720, 3327, 644, 6712, 6678, 6264, 5118, 4429, 972, 1366, 1943, 261, 5301, 436, 3487, 4703, 1642, 1701, 1077, 1394, 3471, 6827, 1676, 1424, 0, 5682, 3894, 2188, 7801, 4067, 846, 6848, 719, 100, 4964, 5612, 1182, 2686, 2647, 7432, 5751, 2073, 3833, 3273, 3244, 6912, 5362, 2664, 908, 1604, 1009, 1867, 7706, 1599, 251, 1070, 1756, 2901, 1218, 1112, 891, 4908, 7182, 1192, 6380, 237, 2869, 6509, 2005, 874, 3404, 1025, 2272, 4805, 1620, 4934, 1233, 1593, 5646, 5298, 508, 6989, 588, 1580, 2897, 739, 2375, 5750, 1402, 1993, 6049],
[1857, 3742, 4587, 5014, 2368, 5477, 3280, 1086, 677, 900, 1282, 5447, 4565, 3762, 5536, 386, 5261, 2236, 988, 4196, 6094, 5264, 4472, 2211, 1248, 4332, 4843, 5682, 0, 1795, 3509, 2287, 1658, 5182, 2318, 5257, 5639, 1408, 422, 5147, 4740, 3968, 4308, 854, 3725, 2661, 2409, 2927, 1747, 1153, 3019, 5366, 4082, 4833, 3979, 2792, 5497, 5495, 5065, 5278, 3378, 4523, 4773, 4856, 850, 1731, 5484, 2753, 5487, 2988, 2295, 4177, 5069, 2286, 5208, 3462, 1843, 4107, 756, 4579, 5307, 2121, 1535, 5439, 1310, 5104, 4831, 3502, 5259, 3811, 1509, 4908, 3761, 750],
[271, 4393, 2943, 3242, 658, 3685, 3796, 2792, 2374, 1306, 542, 3670, 2783, 1967, 3759, 1411, 3479, 639, 850, 2411, 4371, 3490, 2685, 433, 2945, 2567, 3087, 3894, 1795, 0, 1714, 3950, 489, 3393, 3349, 3509, 3854, 1394, 1730, 3379, 3226, 2398, 4816, 1945, 1942, 1501, 634, 1412, 3154, 1673, 1231, 3584, 2303, 3040, 2200, 4101, 3777, 3702, 3285, 3579, 1806, 2728, 2984, 3061, 1027, 3340, 3722, 3286, 3705, 1262, 3118, 2455, 3278, 492, 3430, 1670, 1544, 2312, 1069, 2787, 3586, 2425, 1801, 3678, 3105, 3313, 3094, 1954, 3467, 2129, 2182, 3153, 1970, 2193],
[1686, 5475, 1693, 1576, 1212, 1983, 4862, 4490, 4077, 2934, 2244, 2008, 1133, 254, 2073, 3125, 1786, 1408, 2545, 769, 2812, 1845, 1019, 1304, 4639, 1008, 1509, 2188, 3509, 1714, 0, 5617, 1952, 1703, 4771, 1893, 2155, 2821, 3424, 1752, 2203, 1497, 5747, 3571, 404, 1918, 1114, 1328, 4750, 3203, 512, 1911, 654, 1340, 619, 5602, 2252, 1989, 1626, 2116, 1234, 1017, 1297, 1348, 2721, 5000, 2101, 4442, 2012, 797, 4463, 1086, 1583, 1223, 1772, 188, 2730, 604, 2773, 1092, 2071, 3630, 3183, 2028, 4819, 1603, 1574, 1341, 1767, 1020, 3628, 1574, 331, 3863],
[4075, 2829, 6301, 7181, 4582, 7490, 2758, 1200, 1617, 2683, 3408, 7392, 6554, 5858, 7689, 2616, 7403, 4480, 3242, 6208, 7861, 7199, 6481, 4382, 1039, 6278, 6746, 7801, 2287, 3950, 5617, 0, 3918, 7185, 1609, 7458, 7772, 2886, 2224, 7070, 6255, 5640, 3417, 2052, 5747, 4213, 4583, 4697, 998, 2469, 5169, 7331, 6240, 6867, 5980, 1168, 7284, 7589, 7029, 7035, 5130, 6594, 6790, 6930, 2924, 619, 7374, 2500, 7629, 4955, 1956, 6044, 7085, 4424, 7163, 5530, 3159, 6184, 3018, 6616, 7107, 2626, 2633, 7623, 1295, 7213, 6690, 5209, 7276, 5645, 2205, 6807, 5814, 1758],
[300, 4688, 3345, 3380, 746, 3933, 4108, 2726, 2304, 1433, 677, 3956, 3071, 2205, 3905, 1304, 3638, 584, 676, 2698, 4712, 3786, 2963, 687, 2886, 2889, 3410, 4067, 1658, 489, 1952, 3918, 0, 3655, 3530, 3606, 4017, 1674, 1712, 3684, 3667, 2836, 5148, 2025, 2245, 1988, 848, 1883, 3218, 1862, 1441, 3862, 2464, 3291, 2504, 4217, 4126, 3897, 3572, 3945, 2255, 2962, 3248, 3285, 1071, 3330, 4032, 3582, 3862, 1659, 3343, 2822, 3535, 815, 3717, 1950, 1912, 2555, 905, 3044, 3937, 2734, 2071, 3795, 2940, 3503, 3437, 2406, 3718, 2527, 2392, 3476, 2247, 2203],
[3386, 6484, 1328, 925, 2913, 306, 5907, 6114, 5713, 4526, 3903, 358, 631, 1450, 952, 4796, 778, 3103, 4237, 989, 1280, 307, 712, 2999, 6255, 918, 580, 846, 5182, 3393, 1703, 7185, 3655, 0, 6120, 1224, 893, 4307, 5055, 363, 1852, 1821, 6598, 5138, 1460, 3087, 2815, 2524, 6256, 4719, 2214, 241, 1308, 368, 1212, 6989, 918, 599, 224, 995, 2139, 710, 409, 455, 4365, 6567, 553, 5599, 860, 2235, 5768, 1210, 124, 2905, 220, 1724, 4101, 1101, 4460, 611, 842, 4900, 4611, 1131, 6490, 556, 735, 2113, 109, 1603, 5063, 557, 1423, 5460],
[3564, 1489, 5046, 6330, 4002, 6422, 1211, 1660, 1799, 2097, 2872, 6260, 5507, 4978, 6792, 2442, 6501, 3978, 2945, 5206, 6574, 6069, 5460, 3747, 1598, 5205, 5610, 6848, 2318, 3349, 4771, 1609, 3530, 6120, 0, 6662, 6841, 1983, 1986, 5934, 4890, 4400, 2092, 1559, 4787, 3033, 3930, 3606, 820, 1680, 4420, 6222, 5425, 5852, 4981, 874, 6034, 6612, 5932, 5774, 3983, 5636, 5759, 5957, 2470, 1286, 6198, 891, 6717, 4005, 385, 4917, 6039, 3734, 6051, 4638, 2049, 5257, 2787, 5616, 5872, 1231, 1594, 6784, 2235, 6273, 5520, 4024, 6221, 4519, 1171, 5662, 4884, 1570],
[3403, 7286, 2441, 379, 2891, 1185, 6681, 6296, 5875, 4790, 4052, 1497, 1468, 1687, 460, 4886, 452, 3023, 4269, 1595, 2349, 1525, 1433, 3077, 6451, 1747, 1710, 719, 5257, 3509, 1893, 7458, 3606, 1224, 6662, 0, 622, 4711, 5238, 1583, 3013, 2766, 7492, 5432, 1917, 3735, 2876, 3130, 6626, 5086, 2295, 1398, 1241, 1154, 1783, 7495, 2125, 774, 1415, 2219, 2869, 1156, 1260, 960, 4536, 6847, 1727, 6296, 498, 2664, 6350, 2093, 1175, 3036, 1443, 2026, 4618, 1446, 4501, 1265, 2065, 5507, 5076, 229, 6546, 679, 1882, 2904, 1151, 2392, 5520, 1716, 1801, 5701],
[3786, 7316, 2219, 650, 3278, 717, 6727, 6642, 6227, 5089, 4391, 1047, 1381, 1914, 162, 5259, 378, 3435, 4658, 1639, 1797, 1141, 1400, 3429, 6792, 1690, 1467, 100, 5639, 3854, 2155, 7772, 4017, 893, 6841, 622, 0, 4945, 5576, 1240, 2742, 2674, 7460, 5724, 2059, 3834, 3230, 3242, 6891, 5341, 2623, 977, 1557, 1022, 1861, 7697, 1679, 295, 1117, 1828, 2909, 1205, 1128, 888, 4872, 7154, 1271, 6387, 158, 2852, 6506, 2024, 909, 3366, 1083, 2246, 4796, 1598, 4889, 1235, 1665, 5645, 5284, 408, 6944, 569, 1627, 2910, 790, 2387, 5736, 1449, 1973, 6018],
[1634, 3018, 3444, 4395, 2032, 4612, 2435, 1924, 1597, 521, 1000, 4506, 3676, 3043, 4879, 1169, 4588, 2032, 1279, 3341, 5002, 4313, 3610, 1771, 2036, 3395, 3860, 4964, 1408, 1394, 2821, 2886, 1674, 4307, 1983, 4711, 4945, 0, 1038, 4183, 3484, 2789, 3476, 886, 2891, 1375, 1949, 1812, 1952, 420, 2442, 4447, 3470, 4000, 3112, 2787, 4416, 4740, 4145, 4172, 2251, 3746, 3918, 4078, 812, 2273, 4489, 1910, 4811, 2095, 1728, 3158, 4211, 1752, 4278, 2705, 436, 3347, 1252, 3752, 4234, 1061, 408, 4848, 2456, 4378, 3806, 2341, 4400, 2760, 816, 3920, 2972, 1249],
[1852, 3367, 4359, 4971, 2358, 5356, 2884, 1066, 658, 577, 1188, 5299, 4428, 3671, 5485, 463, 5203, 2260, 1047, 4067, 5893, 5111, 4343, 2162, 1216, 4176, 4676, 5612, 422, 1730, 3424, 2224, 1712, 5055, 1986, 5238, 5576, 1038, 0, 4989, 4465, 3721, 3922, 452, 3597, 2360, 2363, 2693, 1522, 740, 2958, 5225, 4030, 4718, 3843, 2551, 5297, 5411, 4922, 5068, 3146, 4423, 4650, 4760, 705, 1623, 5316, 2352, 5429, 2828, 1921, 3991, 4947, 2212, 5062, 3354, 1467, 4008, 845, 4464, 5110, 1699, 1120, 5408, 1477, 5027, 4649, 3258, 5138, 3610, 1093, 4740, 3648, 493],
[3402, 6220, 1010, 1270, 2956, 559, 5654, 6036, 5645, 4442, 3866, 327, 620, 1513, 1310, 4762, 1140, 3157, 4229, 987, 1077, 135, 737, 3009, 6170, 816, 326, 1182, 5147, 3379, 1752, 7070, 3684, 363, 5934, 1583, 1240, 4183, 4989, 0, 1504, 1566, 6308, 5037, 1442, 2908, 2836, 2376, 6120, 4601, 2258, 304, 1484, 563, 1182, 6807, 603, 945, 187, 638, 1960, 869, 525, 729, 4313, 6455, 349, 5370, 1219, 2164, 5573, 1029, 417, 2902, 157, 1733, 3945, 1183, 4446, 718, 493, 4706, 4464, 1494, 6445, 909, 431, 1910, 454, 1430, 4913, 272, 1439, 5371],
[3369, 4897, 592, 2654, 3096, 2054, 4377, 5406, 5075, 3888, 3561, 1753, 1592, 2095, 2803, 4385, 2599, 3308, 4007, 1676, 1714, 1614, 1672, 3009, 5511, 1404, 1305, 2686, 4740, 3226, 2203, 6255, 3667, 1852, 4890, 3013, 2742, 3484, 4465, 1504, 0, 832, 4906, 4368, 1804, 2111, 2912, 1842, 5260, 3892, 2544, 1788, 2394, 1861, 1661, 5753, 1263, 2448, 1632, 1014, 1420, 1965, 1759, 2058, 3900, 5675, 1580, 4188, 2711, 2028, 4508, 1150, 1861, 2868, 1661, 2058, 3128, 1964, 4178, 1809, 1163, 3680, 3645, 2964, 5930, 2341, 1134, 1274, 1953, 1220, 4052, 1307, 1912, 4733],
[2538, 4664, 660, 2387, 2273, 2101, 4091, 4707, 4352, 3146, 2755, 1886, 1313, 1455, 2686, 3602, 2426, 2484, 3193, 1202, 2221, 1701, 1333, 2178, 4824, 1019, 1256, 2647, 3968, 2398, 1497, 5640, 2836, 1821, 4400, 2766, 2674, 2789, 3721, 1566, 832, 0, 4786, 3673, 1132, 1428, 2087, 1042, 4661, 3207, 1761, 1868, 1854, 1663, 1085, 5274, 1648, 2395, 1607, 1395, 599, 1614, 1554, 1833, 3120, 5040, 1802, 3806, 2596, 1200, 4031, 672, 1774, 2037, 1702, 1327, 2481, 1445, 3372, 1503, 1478, 3169, 3008, 2783, 5197, 2161, 1138, 466, 1929, 479, 3442, 1298, 1262, 4030],
[5076, 609, 5301, 7117, 5389, 6863, 1052, 3753, 3871, 3823, 4476, 6606, 6088, 5882, 7466, 4338, 7197, 5442, 4704, 5898, 6571, 6437, 6090, 5117, 3683, 5783, 6022, 7432, 4308, 4816, 5747, 3417, 5148, 6598, 2092, 7492, 7460, 3476, 3922, 6308, 4906, 4786, 0, 3469, 5601, 3831, 5253, 4420, 2895, 3374, 5566, 6612, 6360, 6444, 5709, 2258, 6169, 7181, 6378, 5918, 4625, 6344, 6336, 6604, 4206, 3309, 6464, 1592, 7377, 4958, 2017, 5441, 6558, 5049, 6456, 5573, 3273, 6057, 4607, 6261, 6060, 2414, 3090, 7542, 4311, 6935, 5881, 4588, 6707, 5105, 2867, 6054, 5729, 3591],
[2113, 2916, 4327, 5142, 2599, 5443, 2432, 1038, 741, 643, 1416, 5356, 4507, 3810, 5644, 889, 5357, 2532, 1400, 4158, 5882, 5164, 4432, 2374, 1150, 4236, 4717, 5751, 854, 1945, 3571, 2052, 2025, 5138, 1559, 5432, 5724, 886, 452, 5037, 4368, 3673, 3469, 0, 3696, 2261, 2572, 2681, 1209, 479, 3137, 5291, 4202, 4817, 3931, 2192, 5293, 5538, 4987, 5052, 3127, 4542, 4740, 4878, 956, 1433, 5351, 1902, 5582, 2905, 1472, 4018, 5037, 2399, 5124, 3479, 1260, 4133, 1230, 4565, 5110, 1289, 804, 5588, 1593, 5163, 4672, 3222, 5227, 3624, 660, 4778, 3763, 367],
[1961, 5373, 1288, 1560, 1529, 1759, 4766, 4658, 4255, 3074, 2444, 1727, 841, 327, 2005, 3339, 1714, 1737, 2791, 471, 2471, 1549, 748, 1568, 4800, 647, 1166, 2073, 3725, 1942, 404, 5747, 2245, 1460, 4787, 1917, 2059, 2891, 3597, 1442, 1804, 1132, 5601, 3696, 0, 1818, 1398, 1213, 4842, 3293, 848, 1643, 777, 1123, 259, 5639, 1895, 1849, 1343, 1740, 989, 856, 1053, 1187, 2905, 5128, 1788, 4381, 1931, 796, 4459, 682, 1350, 1461, 1488, 305, 2739, 474, 3011, 870, 1709, 3604, 3225, 2010, 5031, 1490, 1208, 1063, 1541, 653, 3677, 1232, 137, 4009],
[1746, 3563, 2088, 3376, 1796, 3389, 2953, 3299, 2964, 1786, 1614, 3235, 2478, 2070, 3800, 2328, 3513, 1939, 2074, 2196, 3649, 3042, 2439, 1558, 3409, 2174, 2583, 3833, 2661, 1501, 1918, 4213, 1988, 3087, 3033, 3735, 3834, 1375, 2360, 2908, 2111, 1428, 3831, 2261, 1818, 0, 1612, 605, 3237, 1789, 1763, 3192, 2546, 2828, 1979, 3903, 3072, 3591, 2900, 2822, 950, 2639, 2732, 2946, 1849, 3612, 3187, 2564, 3720, 1126, 2682, 1885, 3008, 1438, 3021, 1748, 1054, 2291, 2195, 2600, 2897, 1815, 1581, 3824, 3820, 3271, 2504, 1004, 3189, 1486, 2019, 2637, 1935, 2624],
[571, 4876, 2538, 2612, 198, 3098, 4267, 3424, 3005, 1930, 1176, 3110, 2224, 1369, 3131, 2029, 2853, 399, 1434, 1851, 3866, 2939, 2118, 201, 3577, 2042, 2563, 3273, 2409, 634, 1114, 4583, 848, 2815, 3930, 2876, 3230, 1949, 2363, 2836, 2912, 2087, 5253, 2572, 1398, 1612, 0, 1274, 3778, 2271, 611, 3018, 1675, 2454, 1656, 4707, 3283, 3088, 2726, 3109, 1546, 2130, 2407, 2459, 1660, 3973, 3184, 3781, 3080, 886, 3673, 1991, 2696, 205, 2871, 1103, 2006, 1719, 1664, 2204, 3095, 2922, 2350, 3046, 3717, 2696, 2594, 1701, 2881, 1725, 2759, 2630, 1400, 2827],
[1596, 4166, 1666, 2772, 1472, 2829, 3557, 3703, 3334, 2123, 1720, 2700, 1903, 1467, 3202, 2560, 2914, 1657, 2166, 1603, 3206, 2507, 1854, 1294, 3828, 1606, 2051, 3244, 2927, 1412, 1328, 4697, 1883, 2524, 3606, 3130, 3242, 1812, 2693, 2376, 1842, 1042, 4420, 2681, 1213, 605, 1274, 0, 3745, 2232, 1248, 2647, 1945, 2246, 1381, 4470, 2614, 3006, 2348, 2378, 453, 2041, 2153, 2354, 2079, 4085, 2677, 3167, 3124, 561, 3265, 1348, 2437, 1153, 2477, 1152, 1577, 1686, 2337, 2011, 2430, 2403, 2091, 3221, 4170, 2675, 1994, 576, 2622, 948, 2541, 2110, 1330, 3029],
[3321, 2287, 5321, 6326, 3808, 6562, 2027, 878, 1119, 1848, 2624, 6445, 5627, 4982, 6820, 1976, 6530, 3738, 2566, 5293, 6880, 6252, 5562, 3581, 790, 5342, 5795, 6912, 1747, 3154, 4750, 998, 3218, 6256, 820, 6626, 6891, 1952, 1522, 6120, 5260, 4661, 2895, 1209, 4842, 3237, 3778, 3745, 0, 1550, 4334, 6391, 5391, 5952, 5064, 1044, 6309, 6691, 6090, 6056, 4168, 5696, 5869, 6029, 2158, 497, 6416, 1648, 6754, 4046, 1067, 5092, 6162, 3601, 6221, 4646, 2184, 5293, 2367, 5704, 6134, 1635, 1659, 6776, 1419, 6325, 5731, 4239, 6351, 4691, 1219, 5854, 4920, 1034],
[1884, 2867, 3863, 4779, 2329, 5024, 2321, 1514, 1211, 451, 1194, 4922, 4088, 3432, 5270, 1020, 4980, 2298, 1336, 3748, 5422, 4730, 4019, 2082, 1621, 3809, 4278, 5362, 1153, 1673, 3203, 2469, 1862, 4719, 1680, 5086, 5341, 420, 740, 4601, 3892, 3207, 3374, 479, 3293, 1789, 2271, 2232, 1550, 0, 2800, 4862, 3847, 4408, 3519, 2435, 4836, 5142, 4560, 4592, 2671, 4147, 4327, 4480, 837, 1854, 4908, 1782, 5204, 2498, 1483, 3576, 4621, 2083, 4694, 3096, 782, 3743, 1235, 4158, 4654, 1016, 382, 5230, 2068, 4775, 4226, 2760, 4811, 3179, 532, 4339, 3370, 845],
[1179, 5243, 2091, 2013, 701, 2492, 4628, 4022, 3605, 2495, 1770, 2519, 1640, 764, 2528, 2637, 2247, 899, 2045, 1271, 3310, 2354, 1529, 807, 4174, 1490, 2004, 2664, 3019, 1231, 512, 5169, 1441, 2214, 4420, 2295, 2623, 2442, 2958, 2258, 2544, 1761, 5566, 3137, 848, 1763, 611, 1248, 4334, 2800, 0, 2423, 1073, 1850, 1097, 5227, 2740, 2477, 2137, 2587, 1336, 1522, 1808, 1849, 2253, 4555, 2607, 4175, 2474, 698, 4135, 1502, 2094, 745, 2282, 543, 2415, 1114, 2275, 1603, 2555, 3334, 2826, 2454, 4327, 2086, 2054, 1477, 2277, 1324, 3257, 2069, 821, 3411],
[3588, 6524, 1312, 1132, 3123, 266, 5957, 6280, 5883, 4687, 4085, 117, 802, 1662, 1068, 4980, 946, 3317, 4431, 1173, 1041, 177, 900, 3199, 6417, 1055, 616, 908, 5366, 3584, 1911, 7331, 3862, 241, 6222, 1398, 977, 4447, 5225, 304, 1788, 1868, 6612, 5291, 1643, 3192, 3018, 2647, 6391, 4862, 2423, 0, 1545, 597, 1388, 7094, 727, 689, 304, 852, 2242, 940, 617, 696, 4541, 6715, 332, 5669, 981, 2398, 5864, 1307, 362, 3100, 171, 1919, 4221, 1315, 4653, 824, 690, 4997, 4738, 1276, 6671, 759, 735, 2200, 258, 1708, 5188, 570, 1619, 5620],
[2229, 6109, 1814, 941, 1723, 1538, 5498, 5094, 4677, 3562, 2842, 1658, 927, 478, 1456, 3703, 1179, 1886, 3101, 719, 2553, 1536, 808, 1875, 5246, 999, 1349, 1604, 4082, 2303, 654, 6240, 2464, 1308, 5425, 1241, 1557, 3470, 4030, 1484, 2394, 1854, 6360, 4202, 777, 2546, 1675, 1945, 5391, 3847, 1073, 1545, 0, 950, 771, 6254, 2067, 1437, 1315, 2005, 1765, 616, 960, 872, 3326, 5625, 1810, 5088, 1405, 1442, 5117, 1257, 1185, 1818, 1446, 802, 3384, 430, 3332, 769, 1913, 4282, 3836, 1386, 5387, 1042, 1476, 1839, 1340, 1393, 4280, 1401, 641, 4482],
[3025, 6294, 1287, 793, 2548, 645, 5706, 5780, 5375, 4197, 3556, 708, 358, 1086, 1023, 4447, 768, 2737, 3880, 660, 1608, 591, 392, 2641, 5923, 668, 569, 1009, 4833, 3040, 1340, 6867, 3291, 368, 5852, 1154, 1022, 4000, 4718, 563, 1861, 1663, 6444, 4817, 1123, 2828, 2454, 2246, 5952, 4408, 1850, 597, 950, 0, 888, 6715, 1165, 764, 380, 1168, 1893, 343, 110, 198, 4023, 6248, 865, 5371, 933, 1912, 5508, 1004, 245, 2550, 499, 1371, 3817, 736, 4105, 254, 1041, 4643, 4319, 1131, 6142, 501, 740, 1889, 428, 1366, 4771, 589, 1072, 5132],
[2220, 5508, 1109, 1412, 1785, 1514, 4907, 4902, 4501, 3314, 2697, 1470, 586, 443, 1822, 3593, 1534, 1991, 3049, 228, 2215, 1291, 502, 1827, 5043, 394, 909, 1867, 3979, 2200, 619, 5980, 2504, 1212, 4981, 1783, 1861, 3112, 3843, 1182, 1661, 1085, 5709, 3931, 259, 1979, 1656, 1381, 5064, 3519, 1097, 1388, 771, 888, 0, 5840, 1643, 1634, 1087, 1498, 1086, 660, 810, 976, 3155, 5361, 1529, 4540, 1743, 1025, 4645, 511, 1107, 1720, 1231, 558, 2938, 365, 3268, 640, 1459, 3784, 3435, 1852, 5283, 1294, 959, 1126, 1298, 637, 3887, 975, 288, 4249],
[4292, 1683, 5920, 7171, 4759, 7292, 1724, 1854, 2155, 2805, 3592, 7134, 6372, 5818, 7642, 3010, 7351, 4711, 3583, 6065, 7444, 6942, 6323, 4516, 1726, 6073, 6483, 7706, 2792, 4101, 5602, 1168, 4217, 6989, 874, 7495, 7697, 2787, 2551, 6807, 5753, 5274, 2258, 2192, 5639, 3903, 4707, 4470, 1044, 2435, 5227, 7094, 6254, 6715, 5840, 0, 6907, 7472, 6803, 6647, 4854, 6491, 6623, 6815, 3147, 1230, 7072, 1630, 7570, 4851, 1248, 5788, 6906, 4518, 6923, 5478, 2902, 6106, 3394, 6477, 6746, 2105, 2420, 7625, 2255, 7128, 6394, 4897, 7090, 5389, 1974, 6536, 5732, 2070],
[3834, 6149, 991, 1844, 3423, 965, 5616, 6317, 5944, 4733, 4229, 636, 1157, 2032, 1785, 5116, 1673, 3632, 4623, 1489, 598, 612, 1281, 3441, 6441, 1250, 746, 1599, 5497, 3777, 2252, 7284, 4126, 918, 6034, 2125, 1679, 4416, 5297, 603, 1263, 1648, 6169, 5293, 1895, 3072, 3283, 2614, 6309, 4836, 2740, 727, 2067, 1165, 1643, 6907, 0, 1403, 789, 262, 2166, 1460, 1121, 1330, 4650, 6680, 408, 5391, 1701, 2522, 5660, 1324, 1004, 3321, 703, 2199, 4126, 1728, 4830, 1299, 191, 4805, 4653, 2001, 6771, 1473, 689, 2077, 976, 1688, 5090, 684, 1925, 5643],
[3653, 7048, 1926, 642, 3153, 438, 6463, 6477, 6066, 4909, 4233, 768, 1119, 1740, 382, 5112, 363, 3322, 4522, 1407, 1577, 849, 1153, 3284, 6624, 1428, 1176, 251, 5495, 3702, 1989, 7589, 3897, 599, 6612, 774, 295, 4740, 5411, 945, 2448, 2395, 7181, 5538, 1849, 3591, 3088, 3006, 6691, 5142, 2477, 689, 1437, 764, 1634, 7472, 1403, 0, 823, 1541, 2656, 996, 864, 662, 4710, 6970, 996, 6134, 300, 2645, 6270, 1755, 623, 3211, 789, 2061, 4572, 1406, 4752, 996, 1379, 5406, 5068, 609, 6804, 395, 1334, 2649, 495, 2128, 5521, 1156, 1775, 5842],
[3295, 6270, 1103, 1091, 2837, 496, 5696, 5975, 5579, 4383, 3783, 385, 503, 1381, 1171, 4679, 979, 3034, 4133, 876, 1238, 223, 608, 2904, 6113, 751, 357, 1070, 5065, 3285, 1626, 7029, 3572, 224, 5932, 1415, 1117, 4145, 4922, 187, 1632, 1607, 6378, 4987, 1343, 2900, 2726, 2348, 6090, 4560, 2137, 304, 1315, 380, 1087, 6803, 789, 823, 0, 818, 1950, 699, 356, 543, 4238, 6412, 495, 5395, 1078, 2094, 5577, 1016, 240, 2803, 146, 1624, 3924, 1041, 4354, 559, 678, 4709, 4439, 1339, 6368, 736, 511, 1915, 331, 1414, 4890, 333, 1326, 5316],
[3650, 5891, 735, 1908, 3257, 1112, 5355, 6080, 5712, 4500, 4018, 786, 1079, 1911, 1919, 4900, 1772, 3469, 4421, 1371, 830, 699, 1200, 3258, 6202, 1108, 656, 1756, 5278, 3579, 2116, 7035, 3945, 995, 5774, 2219, 1828, 4172, 5068, 638, 1014, 1395, 5918, 5052, 1740, 2822, 3109, 2378, 6056, 4592, 2587, 852, 2005, 1168, 1498, 6647, 262, 1541, 818, 0, 1927, 1420, 1101, 1352, 4429, 6432, 583, 5129, 1830, 2319, 5399, 1125, 1054, 3135, 776, 2044, 3876, 1633, 4624, 1252, 164, 4546, 4402, 2118, 6544, 1547, 546, 1832, 1074, 1468, 4837, 607, 1785, 5404],
[1958, 4425, 1213, 2498, 1740, 2440, 3827, 4152, 3786, 2575, 2157, 2286, 1538, 1297, 2887, 3009, 2605, 1944, 2594, 1286, 2756, 2093, 1509, 1615, 4275, 1230, 1634, 2901, 3378, 1806, 1234, 5130, 2255, 2139, 3983, 2869, 2909, 2251, 3146, 1960, 1420, 599, 4625, 3127, 989, 950, 1546, 453, 4168, 2671, 1336, 2242, 1765, 1893, 1086, 4854, 2166, 2656, 1950, 1927, 0, 1734, 1793, 2023, 2529, 4521, 2248, 3478, 2803, 676, 3629, 935, 2063, 1471, 2071, 1046, 1987, 1433, 2774, 1675, 1983, 2762, 2509, 2934, 4623, 2353, 1563, 155, 2242, 536, 2955, 1690, 1124, 3477],
[2701, 6159, 1374, 778, 2217, 972, 5560, 5489, 5080, 3915, 3252, 1049, 378, 763, 1162, 4138, 875, 2402, 3562, 448, 1937, 920, 296, 2321, 5634, 601, 771, 1218, 4523, 2728, 1017, 6594, 2962, 710, 5636, 1156, 1205, 3746, 4423, 869, 1965, 1614, 6344, 4542, 856, 2639, 2130, 2041, 5696, 4147, 1522, 940, 616, 343, 660, 6491, 1460, 996, 699, 1420, 1734, 0, 344, 336, 3724, 5975, 1194, 5199, 1083, 1651, 5303, 943, 586, 2237, 832, 1069, 3590, 416, 3789, 170, 1314, 4443, 4080, 1201, 5833, 637, 920, 1756, 760, 1239, 4532, 814, 780, 4849],
[2978, 6188, 1181, 895, 2508, 706, 5601, 5711, 5308, 4124, 3494, 720, 255, 1046, 1132, 4387, 878, 2701, 3827, 584, 1594, 578, 308, 2590, 5852, 564, 479, 1112, 4773, 2984, 1297, 6790, 3248, 409, 5759, 1260, 1128, 3918, 4650, 525, 1759, 1554, 6336, 4740, 1053, 2732, 2407, 2153, 5869, 4327, 1808, 617, 960, 110, 810, 6623, 1121, 864, 356, 1101, 1793, 344, 0, 300, 3958, 6171, 851, 5269, 1042, 1835, 5413, 896, 297, 2496, 493, 1314, 3727, 699, 4051, 208, 983, 4547, 4231, 1241, 6081, 611, 646, 1785, 488, 1263, 4684, 507, 1014, 5059],
[3028, 6440, 1481, 595, 2539, 666, 5847, 5825, 5416, 4251, 3587, 813, 520, 1095, 866, 4472, 595, 2719, 3892, 752, 1734, 732, 516, 2651, 5970, 820, 767, 891, 4856, 3061, 1348, 6930, 3285, 455, 5957, 960, 888, 4078, 4760, 729, 2058, 1833, 6604, 4878, 1187, 2946, 2459, 2354, 6029, 4480, 1849, 696, 872, 198, 976, 6815, 1330, 662, 543, 1352, 2023, 336, 300, 0, 4060, 6311, 998, 5500, 781, 1983, 5619, 1165, 340, 2570, 637, 1406, 3914, 752, 4120, 348, 1218, 4757, 4408, 951, 6167, 332, 938, 2031, 471, 1508, 4860, 785, 1116, 5185],
[1165, 3704, 3737, 4266, 1663, 4664, 3154, 1770, 1356, 387, 484, 4619, 3742, 2970, 4780, 484, 4498, 1581, 499, 3377, 5247, 4433, 3653, 1459, 1921, 3498, 4005, 4908, 850, 1027, 2721, 2924, 1071, 4365, 2470, 4536, 4872, 812, 705, 4313, 3900, 3120, 4206, 956, 2905, 1849, 1660, 2079, 2158, 837, 2253, 4541, 3326, 4023, 3155, 3147, 4650, 4710, 4238, 4429, 2529, 3724, 3958, 4060, 0, 2316, 4646, 2616, 4725, 2150, 2309, 3332, 4255, 1508, 4381, 2656, 1207, 3309, 440, 3769, 4460, 1815, 1132, 4704, 2132, 4324, 3988, 2654, 4446, 2962, 1365, 4070, 2952, 1170],
[3474, 2701, 5700, 6566, 3978, 6872, 2496, 671, 1055, 2065, 2799, 6776, 5936, 5240, 7072, 2035, 6786, 3883, 2657, 5589, 7260, 6584, 5863, 3773, 520, 5661, 6132, 7182, 1731, 3340, 5000, 619, 3330, 6567, 1286, 6847, 7154, 2273, 1623, 6455, 5675, 5040, 3309, 1433, 5128, 3612, 3973, 4085, 497, 1854, 4555, 6715, 5625, 6248, 5361, 1230, 6680, 6970, 6412, 6432, 4521, 5975, 6171, 6311, 2316, 0, 6762, 2140, 7012, 4336, 1561, 5431, 6467, 3811, 6547, 4911, 2561, 5565, 2438, 5997, 6501, 2105, 2036, 7009, 1033, 6595, 6079, 4603, 6657, 5033, 1624, 6193, 5195, 1147],
[3749, 6411, 1183, 1464, 3305, 558, 5859, 6358, 5971, 4765, 4204, 230, 968, 1861, 1378, 5099, 1275, 3506, 4572, 1336, 744, 274, 1085, 3356, 6490, 1155, 641, 1192, 5484, 3722, 2101, 7374, 4032, 553, 6198, 1727, 1271, 4489, 5316, 349, 1580, 1802, 6464, 5351, 1788, 3187, 3184, 2677, 6416, 4908, 2607, 332, 1810, 865, 1529, 7072, 408, 996, 495, 583, 2248, 1194, 851, 998, 4646, 6762, 0, 5601, 1294, 2497, 5831, 1333, 659, 3247, 366, 2081, 4234, 1528, 4788, 1053, 422, 4967, 4757, 1596, 6778, 1091, 685, 2184, 589, 1730, 5202, 577, 1788, 5690],
[3537, 1108, 4423, 5940, 3895, 5891, 539, 2384, 2400, 2232, 2906, 5692, 5015, 4618, 6360, 2754, 6074, 3922, 3115, 4754, 5898, 5505, 4987, 3625, 2361, 4706, 5054, 6380, 2753, 3286, 4442, 2500, 3582, 5599, 891, 6296, 6387, 1910, 2352, 5370, 4188, 3806, 1592, 1902, 4381, 2564, 3781, 3167, 1648, 1782, 4175, 5669, 5088, 5371, 4540, 1630, 5391, 6134, 5395, 5129, 3478, 5199, 5269, 5500, 2616, 2140, 5601, 0, 6278, 3647, 582, 4389, 5532, 3576, 5501, 4286, 1776, 4854, 3015, 5152, 5243, 862, 1513, 6388, 3004, 5828, 4944, 3488, 5704, 4006, 1278, 5100, 4494, 2073],
[3633, 7220, 2171, 492, 3125, 737, 6628, 6495, 6079, 4946, 4243, 1065, 1289, 1774, 93, 5108, 227, 3280, 4505, 1525, 1869, 1133, 1297, 3279, 6645, 1596, 1418, 237, 5487, 3705, 2012, 7629, 3862, 860, 6717, 498, 158, 4811, 5429, 1219, 2711, 2596, 7377, 5582, 1931, 3720, 3080, 3124, 6754, 5204, 2474, 981, 1405, 933, 1743, 7570, 1701, 300, 1078, 1830, 2803, 1083, 1042, 781, 4725, 7012, 1294, 6278, 0, 2721, 6386, 1937, 854, 3218, 1066, 2108, 4670, 1466, 4737, 1128, 1669, 5527, 5154, 311, 6792, 451, 1583, 2811, 765, 2288, 5605, 1407, 1840, 5874],
[1359, 4678, 1688, 2325, 1075, 2539, 4065, 3882, 3485, 2291, 1711, 2472, 1605, 977, 2792, 2604, 2501, 1284, 2103, 1253, 3118, 2284, 1527, 984, 4020, 1349, 1856, 2869, 2988, 1262, 797, 4955, 1659, 2235, 4005, 2664, 2852, 2095, 2828, 2164, 2028, 1200, 4958, 2905, 796, 1126, 886, 561, 4046, 2498, 698, 2398, 1442, 1912, 1025, 4851, 2522, 2645, 2094, 2319, 676, 1651, 1835, 1983, 2150, 4336, 2497, 3647, 2721, 0, 3686, 1198, 2132, 847, 2235, 640, 1957, 1255, 2308, 1661, 2331, 2843, 2433, 2779, 4282, 2284, 1846, 828, 2323, 870, 2884, 1921, 881, 3225],
[3347, 1447, 4674, 6010, 3760, 6069, 1024, 1815, 1868, 1925, 2671, 5899, 5160, 4663, 6462, 2357, 6172, 3754, 2801, 4867, 6196, 5708, 5118, 3498, 1784, 4856, 5250, 6509, 2295, 3118, 4463, 1956, 3343, 5768, 385, 6350, 6506, 1728, 1921, 5573, 4508, 4031, 2017, 1472, 4459, 2682, 3673, 3265, 1067, 1483, 4135, 5864, 5117, 5508, 4645, 1248, 5660, 6270, 5577, 5399, 3629, 5303, 5413, 5619, 2309, 1561, 5831, 582, 6386, 3686, 0, 4561, 5690, 3473, 5693, 4324, 1733, 4931, 2667, 5276, 5500, 868, 1323, 6464, 2428, 5939, 5156, 3664, 5871, 4165, 951, 5301, 4560, 1574],
[2526, 5293, 607, 1714, 2147, 1508, 4709, 5027, 4644, 3435, 2906, 1354, 648, 949, 2025, 3795, 1760, 2360, 3300, 555, 1921, 1161, 661, 2135, 5158, 347, 703, 2005, 4177, 2455, 1086, 6044, 2822, 1210, 4917, 2093, 2024, 3158, 3991, 1029, 1150, 672, 5441, 4018, 682, 1885, 1991, 1348, 5092, 3576, 1502, 1307, 1257, 1004, 511, 5788, 1324, 1755, 1016, 1125, 935, 943, 896, 1165, 3332, 5431, 1333, 4389, 1937, 1198, 4561, 0, 1143, 2010, 1136, 970, 2917, 829, 3506, 831, 1134, 3694, 3436, 2113, 5460, 1495, 658, 902, 1316, 402, 3885, 763, 773, 4358],
